65. 67. 73. 67. 62.
59. 61. 67. 60. 59.
58. 55. 57. 56. 57.
55. 53. 56. 56. 56.
52. 51. 55. 55. 54.
50. 51. 53. 55. 54.
49. 51. 48. 53. 54.
48. 51. 48. 51. 51.
48. 49. 48. 50. 50.
48. 47. 48. 50. 49.
48. 43. 45. 49. 48.
47. 43. 44. 46. 48.
47. 42. 44. 45. 48.
46. 42. 42. 45. 44.
44. 41. 42. 41. 44.
44. 41. 42. 40. 43.
43. 41. 41. 39. 40.
42. 40. 41. 38. 38.
39. 37. 40. 38. 37.
36. 36. 35. 38. 36.
35. 34. 33. 37. 34.
29. 33. 33. 33. 33.
28. 32. 33. 32. 29.
27. 31. 32. 30. 28.
27. 31. 30. 29. 27.
25. 29. 29. 25. 25.
24. 28. 23. 21. 25.
24. 26. 21. 18. 23.
22. 24. 17. 17. 19.
21. 20. 10. 16. 15.
